0.006109991187
0.00324830333
0.002287157505
0.001801973116
0.001507681993
0.001309172117
0.001165625489
0.001056596673
0.0009707023298
0.0009010950867
0.0008434050077
0.0007529785719
0.0006849719935
0.0006316752922
0.0005885870954
0.0005372201088
0.0004968818532
0.0004641889541
0.0004289638663
0.0003942589318
0.0003666738633
0.00034004716
0.000315201132
0.0002950614105
0.0002740297023
0.0002551992828
0.0002370009378
0.0002210866554
0.0002061768968
0.0001924472801
0.0001799335219
0.0001676202924
0.0001567400801
0.0001464384179
0.0001368781349
0.0001279008721
0.0001194395958
0.000111757179
0.0001044652649
9.769137847e-05
9.140634709e-05
8.558837322e-05
8.016677805e-05
7.510835219e-05
7.039936386e-05
6.603471044e-05
6.201177356e-05
5.829179528e-05
5.489079363e-05
5.179243626e-05
4.89744694e-05
4.645692422e-05
4.423499892e-05
4.23049708e-05
4.068108996e-05
3.937088899e-05
3.837951517e-05
3.771740365e-05
3.739139102e-05
3.740641088e-05
3.776565388e-05
3.84701726e-05
3.951897948e-05
4.090976098e-05
4.264079644e-05
4.471291674e-05
4.71259424e-05
4.988814989e-05
5.300818448e-05
5.650205409e-05
6.038973215e-05
6.470054487e-05
6.946682355e-05
7.473096308e-05
8.054286901e-05
8.696370306e-05
9.40635971e-05
0.0001019245802
0.000110645457
0.000120338934
0.0001311351246
0.0001431868981
0.0001566694331
0.0001717867882
0.0001887728486
0.0002078963693
0.0002294677927
0.0002538420807
0.0002814285494
0.000312692991
0.0003481717157
0.0003884760837
