0.004930913212
0.009861826425
0.01479273964
0.01972365285
0.02465456606
0.02958547927
0.03451639249
0.0394473057
0.04437821891
0.04930913212
0.05424004534
0.06410187176
0.07396369819
0.08382552461
0.09368735104
0.1084800907
0.1232728303
0.1380655699
0.1577892228
0.1824437889
0.2070983549
0.2366838342
0.2712002267
0.3057166192
0.3500948381
0.3994039702
0.4585749288
0.5226768005
0.5966404987
0.6804660233
0.7741533743
0.8875643782
1.010837209
1.153833692
1.316553828
1.50392853
1.720888711
1.962503459
2.243565512
2.56407487
2.928962448
3.343159158
3.816526826
4.35892728
4.980222345
5.690273847
6.498943614
7.425955298
8.481170725
9.684313549
11.06496925
12.63793056
14.43278297
16.48897378
18.83608847
21.51357435
24.57567145
28.07168892
32.06079771
36.62682334
41.83386769
47.78547994
54.58520926
62.35139757
71.22211044
81.360068
92.93292131
106.1576305
121.2610177
138.514283
158.2182122
180.732762
206.4474744
235.8209244
269.3708579
307.6988463
351.4804247
401.4848156
458.6094451
523.8651506
598.4008347
683.5429132
780.7953144
891.8887891
1018.790772
1163.744827
1329.324893
1518.459931
1734.512824
1981.3001
2263.205339
2585.218626
