832.4780137
459.4354377
332.6038247
267.7372551
227.8803098
200.6614063
180.7492421
165.4609238
153.2951852
143.344228
135.025589
121.8367769
111.7791244
103.8012498
97.28300333
89.42438625
83.18008384
78.06857035
72.50721186
66.97036233
62.52683835
58.20073249
54.13045174
50.80710596
47.31343592
44.16538868
41.10513929
38.41475558
35.88234679
33.5404442
31.39780497
29.28209208
27.40660556
25.62573053
23.96859016
22.40859456
20.93469703
19.59331295
18.31708789
17.12855268
16.02278717
14.99605751
14.03585983
13.13611966
12.29406843
11.50835479
10.77797441
10.09517062
9.461998649
8.874419541
8.32686927
7.821689121
7.356282194
6.927849599
6.537326701
6.184366955
5.868018762
5.589185691
5.348575918
5.146480945
4.984877848
4.864670644
4.787339304
4.754186018
4.766276908
4.824486456
4.929343693
5.081402224
5.28103441
5.528895457
5.825872928
6.173616555
6.574155769
7.030537503
7.546684007
8.127756383
8.77997187
9.51087152
10.32977991
11.24753924
12.27683
13.43267639
14.73240109
16.19625199
17.84749102
19.71287848
21.82333539
24.21421959
26.92628952
30.00591444
33.50645893
37.48873514
