0.006588329219
0.004627522682
0.001696113623
0.001504327523
0.001982870101
0.001239407643
0.001004383877
0.001177235014
0.001097326771
0.0007871478712
0.0008142361515
0.0007408192082
0.0007299743561
0.000586104874
0.0006334346286
0.0005692444521
0.0005111424018
0.0004667007573
0.0004352146173
0.0003976945717
0.0003698541671
0.0003422252481
0.0003197776354
0.0002982276219
0.0002698128102
0.0002507370835
0.000236101645
0.0002203962647
0.0002047220222
0.0001908569626
0.0001794029802
0.000167645166
0.0001569186011
0.0001469832916
0.0001371634125
0.0001279922447
0.0001192578691
0.0001111064995
0.0001034222793
9.657346143e-05
9.04712279e-05
8.498592408e-05
8.014472983e-05
7.565851061e-05
7.139978424e-05
6.732943899e-05
6.351169946e-05
5.985565444e-05
5.666462306e-05
5.366209508e-05
5.079641331e-05
4.816620765e-05
4.582353759e-05
4.359440185e-05
4.150929104e-05
3.974665086e-05
3.813106986e-05
3.688851543e-05
3.590432108e-05
3.513909943e-05
3.452013274e-05
3.442240249e-05
3.476183821e-05
3.569233595e-05
3.723158774e-05
3.947125518e-05
4.212761109e-05
4.519452549e-05
4.860182019e-05
5.257832995e-05
5.745355946e-05
6.311880411e-05
6.953627962e-05
7.682677025e-05
8.469034935e-05
9.320969513e-05
0.0001028489879
0.0001134178873
0.000125178365
0.0001380629444
0.0001520649038
0.0001665026793
0.000181915186
0.000197406825
0.0002128863603
0.0002279607357
0.0002430068932
0.0002574686739
0.0002716951358
0.0002863932633
0.0003049797066
0.000333004424
