854.3516369
646.5443239
425.9534043
357.4701924
350.3629816
292.0293371
271.5089599
266.7582035
243.5184248
223.6376723
218.3811807
199.7920066
191.6826271
175.9181829
168.76092
159.588078
148.9009284
140.3573558
132.9712529
122.6167809
117.0511517
109.337069
102.4634139
96.08938851
86.842361
76.91721084
67.68152153
60.72942966
53.99826552
49.64319365
50.24338666
49.76879177
47.77679011
47.02557236
45.42873985
45.50735389
44.70459964
44.63868485
42.08500196
39.61641655
34.78806282
29.84667137
24.12236228
20.34920634
18.72237946
17.39665502
16.82435671
17.62049602
16.16039678
13.20564426
12.33417521
12.93188636
11.55225681
10.53309124
10.63773438
9.365170905
9.29133899
8.761421477
8.176959668
7.890636496
7.524390045
7.271439117
7.095092284
6.883880708
6.869837295
6.799934471
6.820512973
6.846144622
6.937988975
7.130764772
7.446593962
7.83607867
8.313212683
8.90296109
9.518186189
10.17935554
10.89621609
11.71649197
12.6642009
13.66310254
14.7379853
15.91488427
17.18693601
18.32750082
19.41015353
20.45529321
20.93371333
20.80583008
21.08282792
21.43926149
22.23730244
23.5719153
