865.3109012
590.4403279
271.0528827
234.2651279
280.6754761
186.8740098
159.7524067
183.7285769
159.6227945
130.0145488
135.0175186
114.0527417
123.5066348
98.00656767
100.5583219
95.34230187
87.82111565
79.49349955
75.63799905
64.81799593
64.47469505
58.2555561
54.84683484
51.69899123
46.32934626
42.42955902
39.11177709
36.06858051
32.66228361
30.4036707
29.30596848
27.976108
26.69285974
25.62533442
24.37541858
23.69229376
22.96601906
22.21444646
21.11581434
20.02602385
18.45685296
16.89881891
15.30158281
14.04345794
13.07833989
12.01998614
10.96392511
10.25240355
9.224817369
8.110030503
7.533881853
7.384256169
6.995864462
6.525155874
6.105692568
5.620287551
5.547743281
5.310400284
5.05559441
4.971338843
4.709148915
4.618654816
4.487863948
4.378440394
4.335730221
4.341427368
4.388578494
4.490167405
4.702052342
4.970509085
5.284717427
5.675506284
6.173267814
6.723787341
7.377290996
8.138748166
9.011595108
10.0083186
11.18117108
12.49904655
13.97933287
15.61443142
17.39147559
19.28799363
21.1211014
22.83641725
24.49439277
25.83274118
26.66770843
27.58416405
28.71535482
30.22470257
