0.007296990159
0.005302624168
0.001659049613
0.001477341703
0.002302396533
0.001276447461
0.0009314693117
0.001339668764
0.001170093629
0.0007548016457
0.0008735898688
0.0007114306611
0.0008333446025
0.0005763750003
0.0006568627915
0.0006091064135
0.0005512564848
0.0004899018543
0.0004619873752
0.0003902556699
0.0003867560918
0.0003495182626
0.0003263083312
0.0003049858032
0.00027011119
0.0002508560441
0.0002374113136
0.0002216963719
0.000202959562
0.0001893010431
0.0001777252044
0.0001655733266
0.0001544234459
0.0001448508595
0.0001355021218
0.0001267458262
0.0001187069425
0.0001114441943
0.000104846329
9.887660758e-05
9.333849493e-05
8.820457788e-05
8.344583565e-05
7.892163591e-05
7.488185076e-05
7.099652871e-05
6.727927115e-05
6.357008639e-05
5.98367599e-05
5.62397011e-05
5.297660712e-05
4.981503401e-05
4.704660918e-05
4.482174905e-05
4.286175722e-05
4.094273842e-05
3.928481147e-05
3.779059714e-05
3.643242945e-05
3.508511263e-05
3.403235757e-05
3.311230832e-05
3.247888988e-05
3.183861694e-05
3.141420994e-05
3.118406407e-05
3.121775894e-05
3.132973909e-05
3.164075069e-05
3.220512304e-05
3.273095635e-05
3.299315232e-05
3.308320237e-05
3.3129961e-05
3.301502374e-05
3.275489383e-05
3.25337349e-05
3.232462379e-05
3.171074816e-05
3.074313757e-05
2.943216965e-05
2.823811049e-05
2.783640106e-05
2.802882109e-05
2.91740421e-05
3.073392674e-05
3.158930632e-05
3.281346965e-05
3.46864092e-05
3.664140105e-05
3.877829599e-05
4.021940614e-05
