0.006870037037
0.003598905768
0.00250380053
0.001953128862
0.001620508837
0.001397106413
0.001236251859
0.001114592005
0.001019139856
0.000942093726
0.0008784818274
0.0007792984687
0.0007052073538
0.0006474983198
0.0006011041567
0.0005461399437
0.0005032688388
0.0004687308033
0.0004317434519
0.0003955489428
0.0003669665644
0.0003395432077
0.0003141080028
0.0002936044203
0.0002723053022
0.0002533361179
0.0002350968197
0.0002192240251
0.0002044206318
0.0001908486662
0.0001785303694
0.0001664598104
0.0001558377182
0.000145820478
0.0001365612872
0.0001279017019
0.0001197733002
0.0001124235728
0.000105476489
9.905029609e-05
9.311308847e-05
8.763987171e-05
8.255974027e-05
7.783708645e-05
7.345405431e-05
6.940004377e-05
6.566584405e-05
6.220767998e-05
5.903146605e-05
5.611174524e-05
5.341544369e-05
5.094790741e-05
4.868927151e-05
4.66179766e-05
4.472949744e-05
4.301196291e-05
4.14493131e-05
4.003327636e-05
3.875356274e-05
3.759629562e-05
3.655618265e-05
3.562142314e-05
3.478391345e-05
3.403574881e-05
3.336917522e-05
3.277676604e-05
3.225260601e-05
3.17901024e-05
3.138412652e-05
3.102972752e-05
3.072276639e-05
3.045950895e-05
3.023717323e-05
3.00535231e-05
2.990715e-05
2.979747388e-05
2.972494308e-05
2.969112361e-05
2.969890605e-05
2.975279131e-05
2.985917761e-05
3.002678594e-05
3.02671094e-05
3.059501969e-05
3.102935675e-05
3.159361902e-05
3.231673154e-05
3.323364402e-05
3.438604045e-05
3.582257025e-05
3.759933399e-05
3.977974162e-05
