954.9042159
586.2767
451.8998064
379.2229216
332.5056332
299.3993741
274.4225511
254.7400263
238.724971
225.3707702
214.0178094
195.6376097
181.2842979
169.6779005
160.0429508
148.2381824
138.7072444
130.8037366
122.0996093
113.3246114
106.2037418
99.20443287
92.55995502
87.09319221
81.30693536
76.05958416
70.92916282
66.39574781
62.10960541
58.13025331
54.47689712
50.8581861
47.64143295
44.5795561
41.72424264
39.03111542
36.48218471
34.15880286
31.94516637
29.8809344
27.95810992
26.17063628
24.49706132
22.9269976
21.45573155
20.08095428
18.80090501
17.60190192
16.48739163
15.4500424
14.4796782
13.57999712
12.74584579
11.97150256
11.25780023
10.60313718
10.00457883
9.462469785
8.976697172
8.546115857
8.173069241
7.857686348
7.601549403
7.406211095
7.273028717
7.203106722
7.197225133
7.255560549
7.377786617
7.563173745
7.81062974
8.119171044
8.487659904
8.915407276
9.402078695
9.948021057
10.55404066
11.22157657
11.9530091
12.75127766
13.62002819
14.56388001
15.58820727
16.6994634
17.90505605
19.21353134
20.63485337
22.18039872
23.86340194
25.6988995
27.70439543
29.8999347
