0.01192934549
0.006101031653
0.004156272781
0.003182496372
0.002597180384
0.00220614537
0.001926167517
0.00171563182
0.001551416411
0.001419646247
0.001311490206
0.00114427663
0.001020775381
0.0009256229918
0.000849917256
0.0007613009652
0.0006931218748
0.0006388829844
0.0005815640472
0.0005263296089
0.0004833719223
0.000442751864
0.0004056346731
0.0003761266904
0.0003458803362
0.0003193017205
0.0002940706809
0.0002723740894
0.000252356702
0.0002341856467
0.0002178387551
0.0002019494316
0.0001880664348
0.0001750532899
0.000163087298
0.0001519443967
0.0001415214667
0.0001321220674
0.0001232545442
0.0001150622697
0.0001074987163
0.0001005283056
9.405895567e-05
8.804536348e-05
8.246664661e-05
7.731303126e-05
7.257838435e-05
6.821486542e-05
6.423969032e-05
6.063267894e-05
5.736757216e-05
5.446772243e-05
5.19280784e-05
4.974550727e-05
4.79377129e-05
4.651490841e-05
4.548506162e-05
4.48619773e-05
4.465548879e-05
4.487417212e-05
4.552372212e-05
4.660930066e-05
4.813414742e-05
5.010129039e-05
5.251619391e-05
5.538942134e-05
5.87317201e-05
6.256719792e-05
6.692223929e-05
7.183541921e-05
7.735304298e-05
8.353712258e-05
9.045673549e-05
9.819852362e-05
0.0001068634956
0.0001165730324
0.0001274659251
0.0001397031159
0.0001534757249
0.0001690009955
0.000186528012
0.0002063466375
0.000228787102
0.000254231088
0.000283113602
0.0003159316743
0.0003532563044
0.0003957376784
0.0004441226021
0.0004992586213
0.0005621191294
0.0006338119047
