544.4930631
327.0818163
249.3073657
207.792705
181.3617915
162.7677405
148.8197053
137.8787887
129.0101904
121.6384915
115.3883406
105.3022839
97.45397383
91.12536381
85.88352876
79.47548011
74.31289416
70.0391492
65.3398993
60.60997128
56.7770271
53.01400764
49.445706
46.51264613
43.41079078
40.60008147
37.8540194
35.42913533
33.13791991
31.01194998
29.06125
27.13017868
25.41466529
23.78282875
22.26222822
20.82926969
19.47449824
18.24124029
17.06817795
15.97660524
14.96256392
14.0231823
13.14761271
12.3310081
11.57165062
10.86921005
10.22375149
9.629572649
9.089775511
8.602320115
8.164355821
7.779682866
7.4482293
7.170189595
6.948373302
6.784463225
6.679777632
6.636125696
6.654643418
6.736369859
6.881570297
7.090788902
7.364259445
7.702334571
8.105889884
8.576697854
9.116575924
9.729482453
10.41967484
11.19327355
12.05752829
13.02205585
14.09747875
15.29706021
16.63620034
18.13336375
19.80962089
21.68938087
23.80162372
26.17927643
28.86009203
31.88801682
35.3131257
39.19331411
43.59458107
48.59235359
54.27330282
60.73613422
68.09423592
76.47630059
86.03013858
96.92397025
