487.0345726
325.1548106
235.1612221
201.4907641
186.0560768
161.3758435
147.3182116
140.0878093
130.1298692
121.420008
116.6446003
106.6257176
100.9974291
93.53211636
88.91432008
82.90276777
77.708632
73.21148748
68.48374269
63.35945207
59.83041323
55.93735042
52.24054541
49.06070111
44.99211713
40.87076083
37.18591587
34.36475346
31.70031968
29.66536026
29.03525924
28.02816739
26.65361395
25.62934043
24.55652069
23.63960783
22.42159507
21.44979615
19.79854759
18.33291911
16.68985264
15.27063351
13.80938125
12.77600218
12.12483936
11.15166199
10.0946857
9.4718224
8.770448348
7.834293909
7.300718139
7.16381842
6.701516153
6.302958795
5.875348934
5.469332959
5.431656211
5.318575531
5.239722236
5.370816369
5.410064744
5.635602146
5.894049956
6.2367898
6.71057989
7.287723983
7.952462365
8.741225233
9.642489521
10.65074723
11.78956905
13.1018632
14.59311894
16.28533328
18.19072193
20.36025517
22.73683654
25.33989794
28.20252052
31.35948427
34.67064287
38.197717
41.88148235
45.75226969
49.78161322
54.02667903
58.45621853
62.95255071
67.51563212
72.14113454
77.603335
84.67250289
