0.01377447544
0.009790428798
0.002635236213
0.002437099673
0.004128395528
0.00183915733
0.001409013852
0.002441244344
0.001791810722
0.001000817233
0.001471232132
0.000935611475
0.001417584892
0.0008033446497
0.0009684571653
0.0009749232784
0.0008692449672
0.0007333902227
0.0007019762764
0.0004780813654
0.0005627684641
0.0004666462754
0.0004369516761
0.0004064830255
0.0003356978264
0.0003069839114
0.000292259606
0.0002764600401
0.000239359347
0.0002229107492
0.0002109045965
0.0001961420313
0.0001801568612
0.0001695101318
0.0001582030578
0.0001474057523
0.0001376869268
0.00012869732
0.0001199276755
0.0001115914475
0.0001037734466
9.673458772e-05
9.019039263e-05
8.421231733e-05
7.877867976e-05
7.377613278e-05
6.927638506e-05
6.517536782e-05
6.157057271e-05
5.824085036e-05
5.513606286e-05
5.216725204e-05
4.960521811e-05
4.710044002e-05
4.493041196e-05
4.315120907e-05
4.154564137e-05
4.002915746e-05
3.908385408e-05
3.87219094e-05
3.865711693e-05
3.914597794e-05
4.023140144e-05
4.18773518e-05
4.419311691e-05
4.730037664e-05
5.129175855e-05
5.625692908e-05
6.209417581e-05
6.89283955e-05
7.68671666e-05
8.589448971e-05
9.615434055e-05
0.0001075450877
0.0001202414148
0.0001340872335
0.0001496767571
0.0001667187153
0.0001855996566
0.0002061792114
0.0002277365343
0.0002498632386
0.0002727182652
0.0002954579181
0.0003177186115
0.0003397156069
0.000360624065
0.0003801497788
0.0003989431174
0.0004194421114
0.0004438661192
0.0004778435534
